image: /home/gr-agv-lx91/isaac_sim_ws/src/isaac_sim/map/isaac_map.pgm
resolution: 0.05
#origin: [5.925000286102295, 5.925000286102295, 0.0000]
origin: [0.0000, 0.0000, 0.0000]
negate: 0
occupied_thresh: 0.65
free_thresh: 0.196